image_width: 1280
image_height: 720
camera_name: camera
camera_matrix:
  rows: 3
  cols: 3
  data: [784.6323943760652, 0, 628.5032327464858, 0, 786.7028982652452, 369.3195059295002, 0, 0, 1]
distortion_model: plumb_bob
distortion_coefficients:
  rows: 1
  cols: 5
  data: [-0.04065213561309603, 0.05607409793397967, -0.002084733777102698, -6.126962084768965e-06, 0]
rectification_matrix:
  rows: 3
  cols: 3
  data: [1, 0, 0, 0, 1, 0, 0, 0, 1]
projection_matrix:
  rows: 3
  cols: 4
  data: [791.0526733398438, 0, 628.7691539245498, 0, 0, 791.9138793945312, 366.5751983894388, 0, 0, 0, 1, 0]
